                                                precision              recall            f1-score                support           
                                                     mean       std      mean       std      mean       std         mean        std
feature        slice                      label                                                                                    
education      10th                       <=50K  0.950216  0.022111  0.993215  0.004628  0.971099  0.009891   174.200000  14.096099
                                          >50K   0.776190  0.129702  0.305934  0.173309  0.406823  0.148293    12.400000   3.130495
               11th                       <=50K  0.962172  0.012554  0.998222  0.002443  0.979834  0.006819   223.000000  19.222383
                                          >50K   0.850000  0.223607  0.274639  0.214032  0.392250  0.238233    12.000000   2.000000
               12th                       <=50K  0.941029  0.016526  0.997727  0.005082  0.968455  0.006717    80.000000   9.433981
                                          >50K   0.760000  0.433590  0.225000  0.218559  0.316667  0.251232     6.600000   1.516575
               1st-4th                    <=50K  0.973622  0.030741  1.000000  0.000000  0.986436  0.015958    32.400000   4.878524
                                          >50K   0.333333  0.577350  0.166667  0.288675  0.222222  0.384900     2.000000   1.000000
               5th-6th                    <=50K  0.966706  0.014806  0.996825  0.007099  0.981475  0.008174    63.400000   5.366563
                                          >50K   0.700000  0.447214  0.300000  0.182574  0.413333  0.250111     3.200000   1.643168
               7th-8th                    <=50K  0.951391  0.013200  0.996992  0.006725  0.973604  0.007029   121.200000   7.190271
                                          >50K   0.720000  0.438178  0.210101  0.148523  0.311429  0.207610     8.000000   2.449490
               9th                        <=50K  0.951695  0.016259  0.998319  0.003758  0.974370  0.007113    97.400000  12.581733
                                          >50K   0.400000  0.547723  0.078571  0.114062  0.130000  0.185742     5.400000   2.073644
               Assoc-acdm                 <=50K  0.863183  0.024363  0.909447  0.020459  0.885496  0.016339   160.400000   8.502941
                                          >50K   0.674969  0.043332  0.564113  0.054752  0.612507  0.029737    53.000000   6.855655
               Assoc-voc                  <=50K  0.845811  0.019961  0.919435  0.012056  0.881013  0.014528   204.200000   8.983318
                                          >50K   0.693602  0.062660  0.523582  0.071564  0.596080  0.067693    72.200000   5.540758
               Bachelors                  <=50K  0.821664  0.014529  0.828627  0.007824  0.825053  0.007633   626.800000  18.294808
                                          >50K   0.755065  0.004802  0.745637  0.026961  0.750177  0.015772   444.200000  18.833481
               Doctorate                  <=50K  0.569542  0.134507  0.484718  0.189508  0.517744  0.168173    21.400000   4.219005
                                          >50K   0.832319  0.063064  0.883411  0.026867  0.856189  0.039892    61.200000   6.648308
               HS-grad                    <=50K  0.894159  0.005058  0.952104  0.005524  0.922215  0.004370  1765.200000  29.685013
                                          >50K   0.617044  0.031330  0.405967  0.020855  0.489501  0.022219   335.000000  15.394804
               Masters                    <=50K  0.789921  0.017147  0.776064  0.031563  0.782576  0.017611   152.800000  13.827509
                                          >50K   0.824826  0.019434  0.835761  0.017327  0.830045  0.010781   191.800000   8.642916
               Preschool                  <=50K  1.000000  0.000000  0.985714  0.031944  0.992593  0.016563    10.200000   3.271085
                                          >50K   0.000000       NaN  0.000000       NaN  0.000000       NaN     0.000000        NaN
               Prof-school                <=50K  0.706371  0.106102  0.604336  0.075241  0.649779  0.079648    30.600000   8.706320
                                          >50K   0.865670  0.039262  0.913820  0.024372  0.888601  0.024155    84.600000   8.619745
               Some-college               <=50K  0.893242  0.005303  0.941380  0.004112  0.916678  0.004643  1180.800000  22.521101
                                          >50K   0.676224  0.022573  0.521210  0.019413  0.588674  0.020803   277.400000   6.268971
marital-status Divorced                   <=50K  0.929651  0.011213  0.986715  0.002840  0.957291  0.004642   796.000000  24.279621
                                          >50K   0.759958  0.026424  0.361411  0.059993  0.486572  0.050389    92.600000   6.877500
               Married-AF-spouse          <=50K  0.600000  0.262467  0.960000  0.089443  0.702063  0.161778     2.600000   1.516575
                                          >50K   0.300000  0.447214  0.250000  0.433013  0.213333  0.306956     2.000000   1.224745
               Married-civ-spouse         <=50K  0.750072  0.009295  0.798745  0.010227  0.773617  0.008319  1656.800000  31.107877
                                          >50K   0.729188  0.012723  0.670630  0.010399  0.698643  0.009801  1338.400000  12.320714
               Married-spouse-absent      <=50K  0.941070  0.014993  0.994651  0.007341  0.967091  0.010578    76.800000   5.890671
                                          >50K   0.893333  0.153478  0.287460  0.129684  0.417965  0.146141     6.800000   1.788854
               Never-married              <=50K  0.972154  0.002975  0.996551  0.002472  0.984199  0.002367  2038.400000  25.530374
                                          >50K   0.861351  0.066103  0.406003  0.035081  0.550007  0.028125    98.200000  11.903781
               Separated                  <=50K  0.959024  0.012902  0.996949  0.002810  0.977572  0.005949   191.800000  23.285188
                                          >50K   0.725000  0.418330  0.357237  0.205132  0.477583  0.273087    13.200000   4.658326
               Widowed                    <=50K  0.935790  0.013341  0.998930  0.002392  0.966285  0.006779   181.600000   9.154234
                                          >50K   0.750000  0.433013  0.255580  0.158128  0.380178  0.230083    17.000000   3.937004
native-country ?                          <=50K  0.888796  0.017895  0.919256  0.030257  0.903553  0.019106    87.400000  10.922454
                                          >50K   0.726990  0.114377  0.652000  0.040256  0.685810  0.074034    29.200000   6.418723
               Cambodia                   <=50K  0.666667  0.311805  1.000000  0.000000  0.766667  0.223607     2.400000   1.140175
                                          >50K   0.333333  0.577350  0.111111  0.192450  0.166667  0.288675     2.333333   0.577350
               Canada                     <=50K  0.816689  0.085382  0.902941  0.027185  0.855940  0.053709    16.400000   2.509980
                                          >50K   0.705556  0.054149  0.546593  0.151065  0.606953  0.109749     7.800000   3.834058
               China                      <=50K  0.960714  0.057031  0.895238  0.085184  0.922792  0.030729    11.000000   4.123106
                                          >50K   0.785000  0.148651  0.893333  0.153478  0.815664  0.053900     4.000000   1.414214
               Columbia                   <=50K  0.981818  0.040656  0.963492  0.051922  0.971304  0.027305    11.400000   2.408319
                                          >50K   0.166667  0.288675  0.333333  0.577350  0.222222  0.384900     0.666667   0.577350
               Cuba                       <=50K  0.906808  0.091564  0.946032  0.096290  0.922995  0.076808    14.000000   4.795832
                                          >50K   0.875000  0.216506  0.773333  0.220353  0.803175  0.193950     5.000000   3.807887
               Dominican-Republic         <=50K  0.990000  0.022361  0.970053  0.042546  0.979287  0.020605    13.600000   4.449719
                                          >50K   0.250000  0.500000  0.250000  0.500000  0.250000  0.500000     0.500000   0.577350
               Ecuador                    <=50K  0.883333  0.162447  0.971429  0.063888  0.916044  0.088151     4.800000   2.280351
                                          >50K   0.666667  0.577350  0.333333  0.288675  0.444444  0.384900     1.333333   1.154701
               El-Salvador                <=50K  0.976471  0.052613  1.000000  0.000000  0.987500  0.027951    19.400000   4.929503
                                          >50K   1.000000  0.000000  0.900000  0.200000  0.937500  0.125000     2.250000   1.892969
               England                    <=50K  0.785988  0.186710  0.926984  0.103844  0.844172  0.148447    12.000000   2.121320
                                          >50K   0.850000  0.223607  0.502381  0.175449  0.596710  0.148477     6.000000   4.636809
               France                     <=50K  0.760000  0.277288  0.900000  0.223607  0.792063  0.239704     3.400000   1.341641
                                          >50K   0.700000  0.447214  0.633333  0.414997  0.647619  0.410464     2.400000   1.140175
               Germany                    <=50K  0.816977  0.096174  0.929263  0.062618  0.865919  0.056685    18.600000   5.319774
                                          >50K   0.819444  0.162565  0.600000  0.167648  0.674057  0.115809     8.800000   0.836660
               Greece                     <=50K  0.820000  0.248998  0.892857  0.147254  0.821429  0.124858     4.200000   2.387467
                                          >50K   0.533333  0.505525  0.533333  0.505525  0.520000  0.481664     1.600000   1.140175
               Guatemala                  <=50K  0.964615  0.049135  1.000000  0.000000  0.981474  0.025758    12.200000   3.114482
                                          >50K   0.333333  0.577350  0.333333  0.577350  0.333333  0.577350     1.000000   0.000000
               Haiti                      <=50K  0.943636  0.082422  0.980000  0.044721  0.958947  0.042171     8.000000   2.828427
                                          >50K   0.166667  0.288675  0.333333  0.577350  0.222222  0.384900     1.333333   0.577350
               Holand-Netherlands         <=50K  1.000000       NaN  1.000000       NaN  1.000000       NaN     1.000000        NaN
               Honduras                   <=50K  1.000000  0.000000  1.000000  0.000000  1.000000  0.000000     3.000000   1.154701
                                          >50K   1.000000       NaN  1.000000       NaN  1.000000       NaN     1.000000        NaN
               Hong                       <=50K  0.825000  0.236291  0.875000  0.250000  0.847222  0.237333     3.500000   1.290994
                                          >50K   0.833333  0.288675  0.666667  0.288675  0.722222  0.254588     2.000000   0.000000
               Hungary                    <=50K  0.875000  0.250000  1.000000  0.000000  0.916667  0.166667     2.500000   0.577350
                                          >50K   0.500000  0.707107  0.500000  0.707107  0.500000  0.707107     1.500000   0.707107
               India                      <=50K  0.837212  0.111692  0.757395  0.140596  0.785396  0.084574    12.000000   3.872983
                                          >50K   0.705079  0.126394  0.788889  0.159087  0.727924  0.083699     8.000000   1.414214
               Iran                       <=50K  0.800000  0.126381  0.795000  0.195576  0.786190  0.129104     5.000000   3.000000
                                          >50K   0.533333  0.361325  0.616667  0.370810  0.567619  0.360561     3.600000   1.816590
               Ireland                    <=50K  0.860000  0.219089  1.000000  0.000000  0.911111  0.144871     3.800000   1.788854
                                          >50K   0.500000  0.577350  0.500000  0.577350  0.500000  0.577350     1.250000   0.500000
               Italy                      <=50K  0.795701  0.168480  0.976471  0.052613  0.867172  0.102251     9.600000   4.669047
                                          >50K   0.750000  0.433013  0.447143  0.413657  0.505556  0.385101     5.000000   2.549510
               Jamaica                    <=50K  0.948687  0.053025  0.939161  0.075057  0.940618  0.023798    14.200000   5.069517
                                          >50K   0.633333  0.414997  0.500000  0.353553  0.526667  0.313050     2.000000   1.414214
               Japan                      <=50K  0.773901  0.246465  0.839286  0.112938  0.792952  0.189566     7.600000   2.880972
                                          >50K   0.725000  0.223607  0.683333  0.257862  0.668333  0.170823     4.800000   3.114482
               Laos                       <=50K  0.950000  0.111803  0.950000  0.111803  0.942857  0.078246     3.200000   1.303840
                                          >50K   0.250000  0.353553  0.500000  0.707107  0.333333  0.471405     1.000000   0.000000
               Mexico                     <=50K  0.962988  0.008495  0.990337  0.002534  0.976449  0.003815   122.000000  10.908712
                                          >50K   0.543333  0.324380  0.264603  0.182777  0.353247  0.231300     6.600000   2.073644
               Nicaragua                  <=50K  0.935000  0.092871  0.971429  0.063888  0.949060  0.049327     6.400000   2.509980
                                          >50K   0.000000  0.000000  0.000000  0.000000  0.000000  0.000000     0.666667   0.577350
               Outlying-US(Guam-USVI-etc) <=50K  1.000000  0.000000  1.000000  0.000000  1.000000  0.000000     2.800000   1.303840
               Peru                       <=50K  0.950000  0.111803  0.971429  0.063888  0.956044  0.064546     5.800000   1.788854
                                          >50K   0.250000  0.353553  0.500000  0.707107  0.333333  0.471405     1.000000   0.000000
               Philippines                <=50K  0.843284  0.120826  0.880879  0.063398  0.858642  0.082749    27.400000   5.941380
                                          >50K   0.725455  0.115925  0.677778  0.193300  0.692168  0.138733    12.200000   3.768289
               Poland                     <=50K  0.918544  0.084122  0.951282  0.073871  0.930359  0.040470     9.600000   4.277850
                                          >50K   0.733333  0.434613  0.546667  0.372380  0.607619  0.375823     2.400000   1.949359
               Portugal                   <=50K  0.946667  0.076739  1.000000  0.000000  0.971292  0.041575     6.600000   2.190890
                                          >50K   0.666667  0.577350  0.500000  0.500000  0.555556  0.509175     1.333333   0.577350
               Puerto-Rico                <=50K  0.969798  0.027802  0.950412  0.037663  0.959303  0.016340    20.400000   2.509980
                                          >50K   0.576667  0.403388  0.660000  0.421900  0.564762  0.344368     2.400000   1.673320
               Scotland                   <=50K  1.000000  0.000000  1.000000  0.000000  1.000000  0.000000     3.000000   2.000000
                                          >50K   1.000000  0.000000  1.000000  0.000000  1.000000  0.000000     1.000000   0.000000
               South                      <=50K  0.894139  0.067968  0.916044  0.088151  0.902764  0.059843    12.800000   1.923538
                                          >50K   0.700000  0.298142  0.586667  0.250111  0.602424  0.175318     3.200000   1.303840
               Taiwan                     <=50K  0.888095  0.109627  0.940000  0.134164  0.902568  0.067577     6.200000   2.588436
                                          >50K   0.914286  0.191663  0.826667  0.204668  0.838384  0.137389     4.000000   1.581139
               Thailand                   <=50K  0.871429  0.216654  1.000000  0.000000  0.917949  0.144366     3.000000   1.870829
                                          >50K   0.333333  0.577350  0.333333  0.577350  0.333333  0.577350     1.000000   0.000000
               Trinadad&Tobago            <=50K  0.960000  0.089443  0.960000  0.089443  0.955556  0.060858     3.400000   1.341641
                                          >50K   0.500000  0.707107  0.250000  0.353553  0.333333  0.471405     1.000000   1.414214
               United-States              <=50K  0.884424  0.003052  0.926991  0.002934  0.905205  0.002549  4399.800000  15.943651
                                          >50K   0.737248  0.008388  0.628354  0.010062  0.678435  0.008423  1434.200000  14.411801
               Vietnam                    <=50K  0.938289  0.057149  0.966471  0.051768  0.951292  0.043800    12.400000   5.856620
                                          >50K   0.083333  0.166667  0.083333  0.166667  0.083333  0.166667     1.250000   1.258306
               Yugoslavia                 <=50K  0.720000  0.438178  0.733333  0.434613  0.710000  0.412916     2.000000   1.000000
                                          >50K   0.500000  0.408248  0.625000  0.478714  0.541667  0.416667     1.500000   0.577350
occupation     ?                          <=50K  0.937805  0.022755  0.971539  0.005938  0.954244  0.011631   330.400000  17.111400
                                          >50K   0.640714  0.087653  0.454467  0.061004  0.527447  0.049898    38.200000  10.663020
               Adm-clerical               <=50K  0.927047  0.008896  0.954177  0.010024  0.940349  0.003138   652.600000  17.329166
                                          >50K   0.636372  0.046977  0.514261  0.065223  0.566221  0.042888   101.400000  10.784248
               Armed-Forces               <=50K  1.000000  0.000000  1.000000  0.000000  1.000000  0.000000     4.000000   0.000000
                                          >50K   1.000000       NaN  1.000000       NaN  1.000000       NaN     1.000000        NaN
               Craft-repair               <=50K  0.849247  0.008888  0.918306  0.003655  0.882396  0.003984   634.000000  12.980755
                                          >50K   0.613134  0.028321  0.443329  0.036457  0.514232  0.032266   185.800000   6.723095
               Exec-managerial            <=50K  0.794513  0.016798  0.805605  0.002315  0.799949  0.008596   419.600000  31.476976
                                          >50K   0.789630  0.015216  0.777924  0.023486  0.783652  0.017714   393.600000   5.029911
               Farming-fishing            <=50K  0.922453  0.016793  0.981835  0.008432  0.951170  0.011325   175.800000   8.438009
                                          >50K   0.715278  0.132673  0.364923  0.086655  0.481475  0.103441    23.000000   5.000000
               Handlers-cleaners          <=50K  0.954859  0.012873  0.996174  0.002699  0.975054  0.007802   256.800000  10.059821
                                          >50K   0.819524  0.110739  0.301698  0.141177  0.433642  0.162727    17.200000   2.683282
               Machine-op-inspct          <=50K  0.912717  0.009095  0.969691  0.008011  0.940312  0.006283   350.400000  16.979399
                                          >50K   0.624112  0.083476  0.350991  0.054094  0.448022  0.060189    50.000000   2.738613
               Other-service              <=50K  0.965820  0.009103  0.996523  0.002911  0.980904  0.003592   631.600000  34.151135
                                          >50K   0.735714  0.186795  0.200349  0.087952  0.301243  0.086482    27.400000   5.029911
               Priv-house-serv            <=50K  1.000000  0.000000  1.000000  0.000000  1.000000  0.000000    29.600000   2.701851
                                          >50K   1.000000       NaN  1.000000       NaN  1.000000       NaN     1.000000        NaN
               Prof-specialty             <=50K  0.818509  0.008876  0.834987  0.011395  0.826607  0.006481   456.200000  20.253395
                                          >50K   0.792314  0.017702  0.772852  0.012219  0.782369  0.011807   371.800000  13.255188
               Protective-serv            <=50K  0.793567  0.028069  0.875858  0.037763  0.831961  0.017612    87.600000   6.066300
                                          >50K   0.666537  0.116466  0.524292  0.030346  0.584967  0.061486    42.200000   7.949843
               Sales                      <=50K  0.863280  0.015356  0.908666  0.012014  0.885272  0.007786   533.400000  20.032474
                                          >50K   0.711182  0.019491  0.608628  0.050175  0.654885  0.029986   196.600000  11.104053
               Tech-support               <=50K  0.850953  0.023275  0.889878  0.022675  0.869541  0.006826   129.000000  10.198039
                                          >50K   0.718711  0.056606  0.641625  0.068666  0.675528  0.045749    56.600000   6.655825
               Transport-moving           <=50K  0.854425  0.024996  0.947939  0.022959  0.898408  0.014447   255.400000  14.328294
                                          >50K   0.635600  0.157294  0.354724  0.071174  0.451230  0.084229    64.000000   9.565563
race           Amer-Indian-Eskimo         <=50K  0.935581  0.019618  0.959214  0.029234  0.947098  0.020965    55.000000   7.035624
                                          >50K   0.638333  0.165999  0.494048  0.161155  0.547828  0.155860     7.200000   1.303840
               Asian-Pac-Islander         <=50K  0.872215  0.022077  0.910314  0.018492  0.890733  0.016788   152.600000   9.396808
                                          >50K   0.716466  0.067983  0.630271  0.062732  0.669778  0.059584    55.200000   4.604346
               Black                      <=50K  0.940086  0.006358  0.973604  0.009727  0.956534  0.006713   547.400000  22.367387
                                          >50K   0.755507  0.051597  0.561546  0.023205  0.643289  0.023081    77.400000   6.804410
               Other                      <=50K  0.949751  0.038517  0.976313  0.024494  0.962428  0.023491    49.200000   3.898718
                                          >50K   0.760000  0.260768  0.508333  0.283211  0.558974  0.186018     5.000000   2.000000
               White                      <=50K  0.879228  0.003340  0.922513  0.003102  0.900348  0.002849  4139.800000  20.166804
                                          >50K   0.736976  0.010151  0.631448  0.010480  0.680125  0.009696  1423.400000   6.542171
relationship   Husband                    <=50K  0.749362  0.009927  0.797531  0.011561  0.772651  0.008389  1455.000000  22.416512
                                          >50K   0.729823  0.013472  0.672115  0.012502  0.699706  0.010140  1183.600000  16.226522
               Not-in-family              <=50K  0.934086  0.007178  0.989471  0.003740  0.960961  0.003203  1489.800000  54.979087
                                          >50K   0.813119  0.058009  0.393606  0.032846  0.528988  0.030020   171.200000  11.562872
               Other-relative             <=50K  0.971806  0.017466  0.996718  0.004960  0.984055  0.010409   188.800000  12.735776
                                          >50K   0.820000  0.248998  0.319481  0.246225  0.432411  0.247223     7.400000   3.507136
               Own-child                  <=50K  0.990657  0.001383  0.999802  0.000443  0.995208  0.000689  1000.200000  29.609120
                                          >50K   0.950000  0.111803  0.295022  0.060073  0.448099  0.073620    13.400000   1.816590
               Unmarried                  <=50K  0.955440  0.005702  0.995610  0.003033  0.975106  0.003873   645.600000  23.786551
                                          >50K   0.833219  0.107678  0.314353  0.047622  0.455434  0.062636    43.600000   3.577709
               Wife                       <=50K  0.723806  0.029980  0.765602  0.020740  0.743608  0.014164   164.600000  15.126136
                                          >50K   0.722949  0.022036  0.676983  0.028663  0.698527  0.008938   149.000000  17.421251
sex            Female                     <=50K  0.946247  0.004688  0.976959  0.002039  0.961348  0.001552  1918.400000  59.323688
                                          >50K   0.745033  0.018236  0.548456  0.024913  0.631286  0.013500   235.800000  17.498571
               Male                       <=50K  0.850283  0.002899  0.898171  0.006457  0.873561  0.003592  3025.600000  59.323688
                                          >50K   0.734975  0.014368  0.640881  0.008877  0.684656  0.009239  1332.400000  17.271364
workclass      ?                          <=50K  0.937483  0.023132  0.971409  0.005979  0.954012  0.011900   329.000000  18.165902
                                          >50K   0.640714  0.087653  0.454467  0.061004  0.527447  0.049898    38.200000  10.663020
               Federal-gov                <=50K  0.820095  0.027880  0.858999  0.034540  0.838847  0.026219   117.800000  10.568822
                                          >50K   0.760011  0.046803  0.701161  0.041971  0.728580  0.033944    74.200000   8.167007
               Local-gov                  <=50K  0.852318  0.021110  0.897151  0.016100  0.874077  0.016397   295.200000  13.442470
                                          >50K   0.719114  0.041167  0.629882  0.025854  0.671252  0.028896   123.400000   9.126883
               Never-worked               <=50K  1.000000  0.000000  1.000000  0.000000  1.000000  0.000000     2.333333   2.309401
               Private                    <=50K  0.897295  0.004710  0.935759  0.004692  0.916122  0.004461  3546.600000  29.904849
                                          >50K   0.729048  0.013509  0.617232  0.016323  0.668458  0.014382   992.600000  28.377808
               Self-emp-inc               <=50K  0.732318  0.052128  0.750073  0.047499  0.738885  0.022751    98.800000  13.773162
                                          >50K   0.795983  0.054164  0.785218  0.023700  0.789314  0.021080   124.400000  12.641202
               Self-emp-not-inc           <=50K  0.833513  0.011017  0.923546  0.012695  0.876165  0.008707   363.400000   8.324662
                                          >50K   0.737280  0.031531  0.536289  0.038641  0.620283  0.030483   144.800000   6.300794
               State-gov                  <=50K  0.885308  0.012006  0.917375  0.015736  0.901007  0.011674   189.000000  10.653638
                                          >50K   0.752825  0.051569  0.680712  0.023924  0.714773  0.035778    70.600000   9.343447
               Without-pay                <=50K  1.000000  0.000000  1.000000  0.000000  1.000000  0.000000     2.800000   1.095445
